[
  {
    "translation": [
      6.140974521636963,
      0.0,
      4.921802043914795
    ],
    "kalibration": [
      [
        1050.0,
        0.0,
        480.0
      ],
      [
        0.0,
        1050.0,
        270.0
      ],
      [
        0.0,
        0.0,
        1.0
      ]
    ],
    "file": "0000",
    "camera": [
      6.140974521636963,
      0.0,
      4.921802043914795
    ],
    "mv": [
      [
        -4.377216455964117e-08,
        0.9999415278434753,
        -0.010816781781613827,
        0.05323832854628563
      ],
      [
        -0.44527146220207214,
        0.009685279801487923,
        0.8953433632850647,
        -1.6723021268844604
      ],
      [
        0.8953957557678223,
        0.0048164427280426025,
        0.4452453851699829,
        -7.690011501312256
      ],
      [
        -0.0,
        -0.0,
        -0.0,
        1.0
      ]
    ],
    "rotation": [
      [
        -5.34607558222433e-09,
        0.9999414682388306,
        -0.010816756635904312
      ],
      [
        0.44527140259742737,
        -0.009685293771326542,
        -0.8953432440757751
      ],
      [
        -0.8953956365585327,
        -0.004816427826881409,
        -0.4452453851699829
      ]
    ],
    "x": 0,
    "y": 0,
    "projection": [
      [
        -429.7899169921875,
        1047.626708984375,
        -225.07537841796875,
        3747.10546875
      ],
      [
        225.7781524658203,
        -11.469993591308594,
        -1060.32666015625,
        3832.22021484375
      ],
      [
        -0.8953956365585327,
        -0.004816427826881409,
        -0.4452453851699829,
        7.690011501312256
      ]
    ],
    "matrix_world": [
      [
        -4.370883388560287e-08,
        -0.44527140259742737,
        0.8953956365585327,
        6.140974521636963
      ],
      [
        0.9999414682388306,
        0.009685278870165348,
        0.004816442262381315,
        0.0
      ],
      [
        -0.010816780850291252,
        0.8953432440757751,
        0.4452453553676605,
        4.921802043914795
      ],
      [
        0.0,
        0.0,
        0.0,
        1.0
      ]
    ]
  },
  {
    "translation": [
      6.140974521636963,
      0.0,
      4.821802139282227
    ],
    "kalibration": [
      [
        1050.0,
        0.0,
        480.0
      ],
      [
        0.0,
        1050.0,
        270.0
      ],
      [
        0.0,
        0.0,
        1.0
      ]
    ],
    "file": "0001",
    "camera": [
      6.140974521636963,
      0.0,
      4.821802139282227
    ],
    "mv": [
      [
        -4.377216455964117e-08,
        0.9999415278434753,
        -0.010816781781613827,
        0.05215664952993393
      ],
      [
        -0.44527146220207214,
        0.009685279801487923,
        0.8953433632850647,
        -1.5827678442001343
      ],
      [
        0.8953957557678223,
        0.0048164427280426025,
        0.4452453851699829,
        -7.645487308502197
      ],
      [
        -0.0,
        -0.0,
        -0.0,
        1.0
      ]
    ],
    "rotation": [
      [
        -5.34607558222433e-09,
        0.9999414682388306,
        -0.010816756635904312
      ],
      [
        0.44527140259742737,
        -0.009685293771326542,
        -0.8953432440757751
      ],
      [
        -0.8953956365585327,
        -0.004816427826881409,
        -0.4452453851699829
      ]
    ],
    "x": 0,
    "y": 1,
    "projection": [
      [
        -429.7899169921875,
        1047.626708984375,
        -225.07537841796875,
        3724.597900390625
      ],
      [
        225.7781524658203,
        -11.469993591308594,
        -1060.32666015625,
        3726.1875
      ],
      [
        -0.8953956365585327,
        -0.004816427826881409,
        -0.4452453851699829,
        7.645486831665039
      ]
    ],
    "matrix_world": [
      [
        -4.370883388560287e-08,
        -0.44527140259742737,
        0.8953956365585327,
        6.140974521636963
      ],
      [
        0.9999414682388306,
        0.009685278870165348,
        0.004816442262381315,
        0.0
      ],
      [
        -0.010816780850291252,
        0.8953432440757751,
        0.4452453553676605,
        4.821802139282227
      ],
      [
        0.0,
        0.0,
        0.0,
        1.0
      ]
    ]
  },
  {
    "translation": [
      6.140974521636963,
      0.0,
      4.721802234649658
    ],
    "kalibration": [
      [
        1050.0,
        0.0,
        480.0
      ],
      [
        0.0,
        1050.0,
        270.0
      ],
      [
        0.0,
        0.0,
        1.0
      ]
    ],
    "file": "0002",
    "camera": [
      6.140974521636963,
      0.0,
      4.721802234649658
    ],
    "mv": [
      [
        -4.377216455964117e-08,
        0.9999415278434753,
        -0.010816781781613827,
        0.05107497423887253
      ],
      [
        -0.44527146220207214,
        0.009685279801487923,
        0.8953433632850647,
        -1.4932334423065186
      ],
      [
        0.8953957557678223,
        0.0048164427280426025,
        0.4452453851699829,
        -7.6009626388549805
      ],
      [
        -0.0,
        -0.0,
        -0.0,
        1.0
      ]
    ],
    "rotation": [
      [
        -5.34607558222433e-09,
        0.9999414682388306,
        -0.010816756635904312
      ],
      [
        0.44527140259742737,
        -0.009685293771326542,
        -0.8953432440757751
      ],
      [
        -0.8953956365585327,
        -0.004816427826881409,
        -0.4452453851699829
      ]
    ],
    "x": 0,
    "y": 2,
    "projection": [
      [
        -429.7899169921875,
        1047.626708984375,
        -225.07537841796875,
        3702.090576171875
      ],
      [
        225.7781524658203,
        -11.469993591308594,
        -1060.32666015625,
        3620.1552734375
      ],
      [
        -0.8953956365585327,
        -0.004816427826881409,
        -0.4452453851699829,
        7.6009626388549805
      ]
    ],
    "matrix_world": [
      [
        -4.370883388560287e-08,
        -0.44527140259742737,
        0.8953956365585327,
        6.140974521636963
      ],
      [
        0.9999414682388306,
        0.009685278870165348,
        0.004816442262381315,
        0.0
      ],
      [
        -0.010816780850291252,
        0.8953432440757751,
        0.4452453553676605,
        4.721802234649658
      ],
      [
        0.0,
        0.0,
        0.0,
        1.0
      ]
    ]
  },
  {
    "translation": [
      6.140974521636963,
      0.0,
      4.621801853179932
    ],
    "kalibration": [
      [
        1050.0,
        0.0,
        480.0
      ],
      [
        0.0,
        1050.0,
        270.0
      ],
      [
        0.0,
        0.0,
        1.0
      ]
    ],
    "file": "0003",
    "camera": [
      6.140974521636963,
      0.0,
      4.621801853179932
    ],
    "mv": [
      [
        -4.377216455964117e-08,
        0.9999415278434753,
        -0.010816781781613827,
        0.04999329522252083
      ],
      [
        -0.44527146220207214,
        0.009685279801487923,
        0.8953433632850647,
        -1.4036991596221924
      ],
      [
        0.8953957557678223,
        0.0048164427280426025,
        0.4452453851699829,
        -7.556437969207764
      ],
      [
        -0.0,
        -0.0,
        -0.0,
        1.0
      ]
    ],
    "rotation": [
      [
        -5.34607558222433e-09,
        0.9999414682388306,
        -0.010816756635904312
      ],
      [
        0.44527140259742737,
        -0.009685293771326542,
        -0.8953432440757751
      ],
      [
        -0.8953956365585327,
        -0.004816427826881409,
        -0.4452453851699829
      ]
    ],
    "x": 0,
    "y": 3,
    "projection": [
      [
        -429.7899169921875,
        1047.626708984375,
        -225.07537841796875,
        3679.5830078125
      ],
      [
        225.7781524658203,
        -11.469993591308594,
        -1060.32666015625,
        3514.1220703125
      ],
      [
        -0.8953956365585327,
        -0.004816427826881409,
        -0.4452453851699829,
        7.556437969207764
      ]
    ],
    "matrix_world": [
      [
        -4.370883388560287e-08,
        -0.44527140259742737,
        0.8953956365585327,
        6.140974521636963
      ],
      [
        0.9999414682388306,
        0.009685278870165348,
        0.004816442262381315,
        0.0
      ],
      [
        -0.010816780850291252,
        0.8953432440757751,
        0.4452453553676605,
        4.621801853179932
      ],
      [
        0.0,
        0.0,
        0.0,
        1.0
      ]
    ]
  },
  {
    "translation": [
      6.140974521636963,
      0.0,
      4.521801948547363
    ],
    "kalibration": [
      [
        1050.0,
        0.0,
        480.0
      ],
      [
        0.0,
        1050.0,
        270.0
      ],
      [
        0.0,
        0.0,
        1.0
      ]
    ],
    "file": "0004",
    "camera": [
      6.140974521636963,
      0.0,
      4.521801948547363
    ],
    "mv": [
      [
        -4.377216455964117e-08,
        0.9999415278434753,
        -0.010816781781613827,
        0.04891161993145943
      ],
      [
        -0.44527146220207214,
        0.009685279801487923,
        0.8953433632850647,
        -1.3141648769378662
      ],
      [
        0.8953957557678223,
        0.0048164427280426025,
        0.4452453851699829,
        -7.511913776397705
      ],
      [
        -0.0,
        -0.0,
        -0.0,
        1.0
      ]
    ],
    "rotation": [
      [
        -5.34607558222433e-09,
        0.9999414682388306,
        -0.010816756635904312
      ],
      [
        0.44527140259742737,
        -0.009685293771326542,
        -0.8953432440757751
      ],
      [
        -0.8953956365585327,
        -0.004816427826881409,
        -0.4452453851699829
      ]
    ],
    "x": 0,
    "y": 4,
    "projection": [
      [
        -429.7899169921875,
        1047.626708984375,
        -225.07537841796875,
        3657.0751953125
      ],
      [
        225.7781524658203,
        -11.469993591308594,
        -1060.32666015625,
        3408.08935546875
      ],
      [
        -0.8953956365585327,
        -0.004816427826881409,
        -0.4452453851699829,
        7.511913299560547
      ]
    ],
    "matrix_world": [
      [
        -4.370883388560287e-08,
        -0.44527140259742737,
        0.8953956365585327,
        6.140974521636963
      ],
      [
        0.9999414682388306,
        0.009685278870165348,
        0.004816442262381315,
        0.0
      ],
      [
        -0.010816780850291252,
        0.8953432440757751,
        0.4452453553676605,
        4.521801948547363
      ],
      [
        0.0,
        0.0,
        0.0,
        1.0
      ]
    ]
  },
  {
    "translation": [
      6.140974521636963,
      0.10000000149011612,
      4.921802043914795
    ],
    "kalibration": [
      [
        1050.0,
        0.0,
        480.0
      ],
      [
        0.0,
        1050.0,
        270.0
      ],
      [
        0.0,
        0.0,
        1.0
      ]
    ],
    "file": "0005",
    "camera": [
      6.140974521636963,
      0.10000000149011612,
      4.921802043914795
    ],
    "mv": [
      [
        -4.377216455964117e-08,
        0.9999415278434753,
        -0.010816781781613827,
        -0.0467558316886425
      ],
      [
        -0.44527146220207214,
        0.009685279801487923,
        0.8953433632850647,
        -1.6732707023620605
      ],
      [
        0.8953957557678223,
        0.0048164427280426025,
        0.4452453851699829,
        -7.690493106842041
      ],
      [
        -0.0,
        -0.0,
        -0.0,
        1.0
      ]
    ],
    "rotation": [
      [
        -5.34607558222433e-09,
        0.9999414682388306,
        -0.010816756635904312
      ],
      [
        0.44527140259742737,
        -0.009685293771326542,
        -0.8953432440757751
      ],
      [
        -0.8953956365585327,
        -0.004816427826881409,
        -0.4452453851699829
      ]
    ],
    "x": 1,
    "y": 0,
    "projection": [
      [
        -429.7899169921875,
        1047.626708984375,
        -225.07537841796875,
        3642.3427734375
      ],
      [
        225.7781524658203,
        -11.469993591308594,
        -1060.32666015625,
        3833.366943359375
      ],
      [
        -0.8953956365585327,
        -0.004816427826881409,
        -0.4452453851699829,
        7.690493106842041
      ]
    ],
    "matrix_world": [
      [
        -4.370883388560287e-08,
        -0.44527140259742737,
        0.8953956365585327,
        6.140974521636963
      ],
      [
        0.9999414682388306,
        0.009685278870165348,
        0.004816442262381315,
        0.10000000149011612
      ],
      [
        -0.010816780850291252,
        0.8953432440757751,
        0.4452453553676605,
        4.921802043914795
      ],
      [
        0.0,
        0.0,
        0.0,
        1.0
      ]
    ]
  },
  {
    "translation": [
      6.140974521636963,
      0.10000000149011612,
      4.821802139282227
    ],
    "kalibration": [
      [
        1050.0,
        0.0,
        480.0
      ],
      [
        0.0,
        1050.0,
        270.0
      ],
      [
        0.0,
        0.0,
        1.0
      ]
    ],
    "file": "0006",
    "camera": [
      6.140974521636963,
      0.10000000149011612,
      4.821802139282227
    ],
    "mv": [
      [
        -4.377216455964117e-08,
        0.9999415278434753,
        -0.010816781781613827,
        -0.0478375107049942
      ],
      [
        -0.44527146220207214,
        0.009685279801487923,
        0.8953433632850647,
        -1.5837364196777344
      ],
      [
        0.8953957557678223,
        0.0048164427280426025,
        0.4452453851699829,
        -7.645968914031982
      ],
      [
        -0.0,
        -0.0,
        -0.0,
        1.0
      ]
    ],
    "rotation": [
      [
        -5.34607558222433e-09,
        0.9999414682388306,
        -0.010816756635904312
      ],
      [
        0.44527140259742737,
        -0.009685293771326542,
        -0.8953432440757751
      ],
      [
        -0.8953956365585327,
        -0.004816427826881409,
        -0.4452453851699829
      ]
    ],
    "x": 1,
    "y": 1,
    "projection": [
      [
        -429.7899169921875,
        1047.626708984375,
        -225.07537841796875,
        3619.83544921875
      ],
      [
        225.7781524658203,
        -11.469993591308594,
        -1060.32666015625,
        3727.33447265625
      ],
      [
        -0.8953956365585327,
        -0.004816427826881409,
        -0.4452453851699829,
        7.645968914031982
      ]
    ],
    "matrix_world": [
      [
        -4.370883388560287e-08,
        -0.44527140259742737,
        0.8953956365585327,
        6.140974521636963
      ],
      [
        0.9999414682388306,
        0.009685278870165348,
        0.004816442262381315,
        0.10000000149011612
      ],
      [
        -0.010816780850291252,
        0.8953432440757751,
        0.4452453553676605,
        4.821802139282227
      ],
      [
        0.0,
        0.0,
        0.0,
        1.0
      ]
    ]
  },
  {
    "translation": [
      6.140974521636963,
      0.10000000149011612,
      4.721802234649658
    ],
    "kalibration": [
      [
        1050.0,
        0.0,
        480.0
      ],
      [
        0.0,
        1050.0,
        270.0
      ],
      [
        0.0,
        0.0,
        1.0
      ]
    ],
    "file": "0007",
    "camera": [
      6.140974521636963,
      0.10000000149011612,
      4.721802234649658
    ],
    "mv": [
      [
        -4.377216455964117e-08,
        0.9999415278434753,
        -0.010816781781613827,
        -0.0489191897213459
      ],
      [
        -0.44527146220207214,
        0.009685279801487923,
        0.8953433632850647,
        -1.4942020177841187
      ],
      [
        0.8953957557678223,
        0.0048164427280426025,
        0.4452453851699829,
        -7.601444244384766
      ],
      [
        -0.0,
        -0.0,
        -0.0,
        1.0
      ]
    ],
    "rotation": [
      [
        -5.34607558222433e-09,
        0.9999414682388306,
        -0.010816756635904312
      ],
      [
        0.44527140259742737,
        -0.009685293771326542,
        -0.8953432440757751
      ],
      [
        -0.8953956365585327,
        -0.004816427826881409,
        -0.4452453851699829
      ]
    ],
    "x": 1,
    "y": 2,
    "projection": [
      [
        -429.7899169921875,
        1047.626708984375,
        -225.07537841796875,
        3597.327880859375
      ],
      [
        225.7781524658203,
        -11.469993591308594,
        -1060.32666015625,
        3621.30224609375
      ],
      [
        -0.8953956365585327,
        -0.004816427826881409,
        -0.4452453851699829,
        7.601444244384766
      ]
    ],
    "matrix_world": [
      [
        -4.370883388560287e-08,
        -0.44527140259742737,
        0.8953956365585327,
        6.140974521636963
      ],
      [
        0.9999414682388306,
        0.009685278870165348,
        0.004816442262381315,
        0.10000000149011612
      ],
      [
        -0.010816780850291252,
        0.8953432440757751,
        0.4452453553676605,
        4.721802234649658
      ],
      [
        0.0,
        0.0,
        0.0,
        1.0
      ]
    ]
  },
  {
    "translation": [
      6.140974521636963,
      0.10000000149011612,
      4.621801853179932
    ],
    "kalibration": [
      [
        1050.0,
        0.0,
        480.0
      ],
      [
        0.0,
        1050.0,
        270.0
      ],
      [
        0.0,
        0.0,
        1.0
      ]
    ],
    "file": "0008",
    "camera": [
      6.140974521636963,
      0.10000000149011612,
      4.621801853179932
    ],
    "mv": [
      [
        -4.377216455964117e-08,
        0.9999415278434753,
        -0.010816781781613827,
        -0.0500008687376976
      ],
      [
        -0.44527146220207214,
        0.009685279801487923,
        0.8953433632850647,
        -1.4046677350997925
      ],
      [
        0.8953957557678223,
        0.0048164427280426025,
        0.4452453851699829,
        -7.556919574737549
      ],
      [
        -0.0,
        -0.0,
        -0.0,
        1.0
      ]
    ],
    "rotation": [
      [
        -5.34607558222433e-09,
        0.9999414682388306,
        -0.010816756635904312
      ],
      [
        0.44527140259742737,
        -0.009685293771326542,
        -0.8953432440757751
      ],
      [
        -0.8953956365585327,
        -0.004816427826881409,
        -0.4452453851699829
      ]
    ],
    "x": 1,
    "y": 3,
    "projection": [
      [
        -429.7899169921875,
        1047.626708984375,
        -225.07537841796875,
        3574.820068359375
      ],
      [
        225.7781524658203,
        -11.469993591308594,
        -1060.32666015625,
        3515.26904296875
      ],
      [
        -0.8953956365585327,
        -0.004816427826881409,
        -0.4452453851699829,
        7.556919574737549
      ]
    ],
    "matrix_world": [
      [
        -4.370883388560287e-08,
        -0.44527140259742737,
        0.8953956365585327,
        6.140974521636963
      ],
      [
        0.9999414682388306,
        0.009685278870165348,
        0.004816442262381315,
        0.10000000149011612
      ],
      [
        -0.010816780850291252,
        0.8953432440757751,
        0.4452453553676605,
        4.621801853179932
      ],
      [
        0.0,
        0.0,
        0.0,
        1.0
      ]
    ]
  },
  {
    "translation": [
      6.140974521636963,
      0.10000000149011612,
      4.521801948547363
    ],
    "kalibration": [
      [
        1050.0,
        0.0,
        480.0
      ],
      [
        0.0,
        1050.0,
        270.0
      ],
      [
        0.0,
        0.0,
        1.0
      ]
    ],
    "file": "0009",
    "camera": [
      6.140974521636963,
      0.10000000149011612,
      4.521801948547363
    ],
    "mv": [
      [
        -4.377216455964117e-08,
        0.9999415278434753,
        -0.010816781781613827,
        -0.051082544028759
      ],
      [
        -0.44527146220207214,
        0.009685279801487923,
        0.8953433632850647,
        -1.3151334524154663
      ],
      [
        0.8953957557678223,
        0.0048164427280426025,
        0.4452453851699829,
        -7.51239538192749
      ],
      [
        -0.0,
        -0.0,
        -0.0,
        1.0
      ]
    ],
    "rotation": [
      [
        -5.34607558222433e-09,
        0.9999414682388306,
        -0.010816756635904312
      ],
      [
        0.44527140259742737,
        -0.009685293771326542,
        -0.8953432440757751
      ],
      [
        -0.8953956365585327,
        -0.004816427826881409,
        -0.4452453851699829
      ]
    ],
    "x": 1,
    "y": 4,
    "projection": [
      [
        -429.7899169921875,
        1047.626708984375,
        -225.07537841796875,
        3552.3125
      ],
      [
        225.7781524658203,
        -11.469993591308594,
        -1060.32666015625,
        3409.236572265625
      ],
      [
        -0.8953956365585327,
        -0.004816427826881409,
        -0.4452453851699829,
        7.512394905090332
      ]
    ],
    "matrix_world": [
      [
        -4.370883388560287e-08,
        -0.44527140259742737,
        0.8953956365585327,
        6.140974521636963
      ],
      [
        0.9999414682388306,
        0.009685278870165348,
        0.004816442262381315,
        0.10000000149011612
      ],
      [
        -0.010816780850291252,
        0.8953432440757751,
        0.4452453553676605,
        4.521801948547363
      ],
      [
        0.0,
        0.0,
        0.0,
        1.0
      ]
    ]
  },
  {
    "translation": [
      6.140974521636963,
      0.20000000298023224,
      4.921802043914795
    ],
    "kalibration": [
      [
        1050.0,
        0.0,
        480.0
      ],
      [
        0.0,
        1050.0,
        270.0
      ],
      [
        0.0,
        0.0,
        1.0
      ]
    ],
    "file": "0010",
    "camera": [
      6.140974521636963,
      0.20000000298023224,
      4.921802043914795
    ],
    "mv": [
      [
        -4.377216455964117e-08,
        0.9999415278434753,
        -0.010816781781613827,
        -0.14674998819828033
      ],
      [
        -0.44527146220207214,
        0.009685279801487923,
        0.8953433632850647,
        -1.674239158630371
      ],
      [
        0.8953957557678223,
        0.0048164427280426025,
        0.4452453851699829,
        -7.690974712371826
      ],
      [
        -0.0,
        -0.0,
        -0.0,
        1.0
      ]
    ],
    "rotation": [
      [
        -5.34607558222433e-09,
        0.9999414682388306,
        -0.010816756635904312
      ],
      [
        0.44527140259742737,
        -0.009685293771326542,
        -0.8953432440757751
      ],
      [
        -0.8953956365585327,
        -0.004816427826881409,
        -0.4452453851699829
      ]
    ],
    "x": 2,
    "y": 0,
    "projection": [
      [
        -429.7899169921875,
        1047.626708984375,
        -225.07537841796875,
        3537.580078125
      ],
      [
        225.7781524658203,
        -11.469993591308594,
        -1060.32666015625,
        3834.513916015625
      ],
      [
        -0.8953956365585327,
        -0.004816427826881409,
        -0.4452453851699829,
        7.690974712371826
      ]
    ],
    "matrix_world": [
      [
        -4.370883388560287e-08,
        -0.44527140259742737,
        0.8953956365585327,
        6.140974521636963
      ],
      [
        0.9999414682388306,
        0.009685278870165348,
        0.004816442262381315,
        0.20000000298023224
      ],
      [
        -0.010816780850291252,
        0.8953432440757751,
        0.4452453553676605,
        4.921802043914795
      ],
      [
        0.0,
        0.0,
        0.0,
        1.0
      ]
    ]
  },
  {
    "translation": [
      6.140974521636963,
      0.20000000298023224,
      4.821802139282227
    ],
    "kalibration": [
      [
        1050.0,
        0.0,
        480.0
      ],
      [
        0.0,
        1050.0,
        270.0
      ],
      [
        0.0,
        0.0,
        1.0
      ]
    ],
    "file": "0011",
    "camera": [
      6.140974521636963,
      0.20000000298023224,
      4.821802139282227
    ],
    "mv": [
      [
        -4.377216455964117e-08,
        0.9999415278434753,
        -0.010816781781613827,
        -0.14783166348934174
      ],
      [
        -0.44527146220207214,
        0.009685279801487923,
        0.8953433632850647,
        -1.584704875946045
      ],
      [
        0.8953957557678223,
        0.0048164427280426025,
        0.4452453851699829,
        -7.646450519561768
      ],
      [
        -0.0,
        -0.0,
        -0.0,
        1.0
      ]
    ],
    "rotation": [
      [
        -5.34607558222433e-09,
        0.9999414682388306,
        -0.010816756635904312
      ],
      [
        0.44527140259742737,
        -0.009685293771326542,
        -0.8953432440757751
      ],
      [
        -0.8953956365585327,
        -0.004816427826881409,
        -0.4452453851699829
      ]
    ],
    "x": 2,
    "y": 1,
    "projection": [
      [
        -429.7899169921875,
        1047.626708984375,
        -225.07537841796875,
        3515.072509765625
      ],
      [
        225.7781524658203,
        -11.469993591308594,
        -1060.32666015625,
        3728.4814453125
      ],
      [
        -0.8953956365585327,
        -0.004816427826881409,
        -0.4452453851699829,
        7.646450519561768
      ]
    ],
    "matrix_world": [
      [
        -4.370883388560287e-08,
        -0.44527140259742737,
        0.8953956365585327,
        6.140974521636963
      ],
      [
        0.9999414682388306,
        0.009685278870165348,
        0.004816442262381315,
        0.20000000298023224
      ],
      [
        -0.010816780850291252,
        0.8953432440757751,
        0.4452453553676605,
        4.821802139282227
      ],
      [
        0.0,
        0.0,
        0.0,
        1.0
      ]
    ]
  },
  {
    "translation": [
      6.140974521636963,
      0.20000000298023224,
      4.721802234649658
    ],
    "kalibration": [
      [
        1050.0,
        0.0,
        480.0
      ],
      [
        0.0,
        1050.0,
        270.0
      ],
      [
        0.0,
        0.0,
        1.0
      ]
    ],
    "file": "0012",
    "camera": [
      6.140974521636963,
      0.20000000298023224,
      4.721802234649658
    ],
    "mv": [
      [
        -4.377216455964117e-08,
        0.9999415278434753,
        -0.010816781781613827,
        -0.14891333878040314
      ],
      [
        -0.44527146220207214,
        0.009685279801487923,
        0.8953433632850647,
        -1.4951704740524292
      ],
      [
        0.8953957557678223,
        0.0048164427280426025,
        0.4452453851699829,
        -7.601925849914551
      ],
      [
        -0.0,
        -0.0,
        -0.0,
        1.0
      ]
    ],
    "rotation": [
      [
        -5.34607558222433e-09,
        0.9999414682388306,
        -0.010816756635904312
      ],
      [
        0.44527140259742737,
        -0.009685293771326542,
        -0.8953432440757751
      ],
      [
        -0.8953956365585327,
        -0.004816427826881409,
        -0.4452453851699829
      ]
    ],
    "x": 2,
    "y": 2,
    "projection": [
      [
        -429.7899169921875,
        1047.626708984375,
        -225.07537841796875,
        3492.56494140625
      ],
      [
        225.7781524658203,
        -11.469993591308594,
        -1060.32666015625,
        3622.44921875
      ],
      [
        -0.8953956365585327,
        -0.004816427826881409,
        -0.4452453851699829,
        7.601925849914551
      ]
    ],
    "matrix_world": [
      [
        -4.370883388560287e-08,
        -0.44527140259742737,
        0.8953956365585327,
        6.140974521636963
      ],
      [
        0.9999414682388306,
        0.009685278870165348,
        0.004816442262381315,
        0.20000000298023224
      ],
      [
        -0.010816780850291252,
        0.8953432440757751,
        0.4452453553676605,
        4.721802234649658
      ],
      [
        0.0,
        0.0,
        0.0,
        1.0
      ]
    ]
  },
  {
    "translation": [
      6.140974521636963,
      0.20000000298023224,
      4.621801853179932
    ],
    "kalibration": [
      [
        1050.0,
        0.0,
        480.0
      ],
      [
        0.0,
        1050.0,
        270.0
      ],
      [
        0.0,
        0.0,
        1.0
      ]
    ],
    "file": "0013",
    "camera": [
      6.140974521636963,
      0.20000000298023224,
      4.621801853179932
    ],
    "mv": [
      [
        -4.377216455964117e-08,
        0.9999415278434753,
        -0.010816781781613827,
        -0.14999501407146454
      ],
      [
        -0.44527146220207214,
        0.009685279801487923,
        0.8953433632850647,
        -1.405636191368103
      ],
      [
        0.8953957557678223,
        0.0048164427280426025,
        0.4452453851699829,
        -7.557401180267334
      ],
      [
        -0.0,
        -0.0,
        -0.0,
        1.0
      ]
    ],
    "rotation": [
      [
        -5.34607558222433e-09,
        0.9999414682388306,
        -0.010816756635904312
      ],
      [
        0.44527140259742737,
        -0.009685293771326542,
        -0.8953432440757751
      ],
      [
        -0.8953956365585327,
        -0.004816427826881409,
        -0.4452453851699829
      ]
    ],
    "x": 2,
    "y": 3,
    "projection": [
      [
        -429.7899169921875,
        1047.626708984375,
        -225.07537841796875,
        3470.057373046875
      ],
      [
        225.7781524658203,
        -11.469993591308594,
        -1060.32666015625,
        3516.416015625
      ],
      [
        -0.8953956365585327,
        -0.004816427826881409,
        -0.4452453851699829,
        7.557401180267334
      ]
    ],
    "matrix_world": [
      [
        -4.370883388560287e-08,
        -0.44527140259742737,
        0.8953956365585327,
        6.140974521636963
      ],
      [
        0.9999414682388306,
        0.009685278870165348,
        0.004816442262381315,
        0.20000000298023224
      ],
      [
        -0.010816780850291252,
        0.8953432440757751,
        0.4452453553676605,
        4.621801853179932
      ],
      [
        0.0,
        0.0,
        0.0,
        1.0
      ]
    ]
  },
  {
    "translation": [
      6.140974521636963,
      0.20000000298023224,
      4.521801948547363
    ],
    "kalibration": [
      [
        1050.0,
        0.0,
        480.0
      ],
      [
        0.0,
        1050.0,
        270.0
      ],
      [
        0.0,
        0.0,
        1.0
      ]
    ],
    "file": "0014",
    "camera": [
      6.140974521636963,
      0.20000000298023224,
      4.521801948547363
    ],
    "mv": [
      [
        -4.377216455964117e-08,
        0.9999415278434753,
        -0.010816781781613827,
        -0.15107668936252594
      ],
      [
        -0.44527146220207214,
        0.009685279801487923,
        0.8953433632850647,
        -1.3161019086837769
      ],
      [
        0.8953957557678223,
        0.0048164427280426025,
        0.4452453851699829,
        -7.512876987457275
      ],
      [
        -0.0,
        -0.0,
        -0.0,
        1.0
      ]
    ],
    "rotation": [
      [
        -5.34607558222433e-09,
        0.9999414682388306,
        -0.010816756635904312
      ],
      [
        0.44527140259742737,
        -0.009685293771326542,
        -0.8953432440757751
      ],
      [
        -0.8953956365585327,
        -0.004816427826881409,
        -0.4452453851699829
      ]
    ],
    "x": 2,
    "y": 4,
    "projection": [
      [
        -429.7899169921875,
        1047.626708984375,
        -225.07537841796875,
        3447.5498046875
      ],
      [
        225.7781524658203,
        -11.469993591308594,
        -1060.32666015625,
        3410.38330078125
      ],
      [
        -0.8953956365585327,
        -0.004816427826881409,
        -0.4452453851699829,
        7.512876510620117
      ]
    ],
    "matrix_world": [
      [
        -4.370883388560287e-08,
        -0.44527140259742737,
        0.8953956365585327,
        6.140974521636963
      ],
      [
        0.9999414682388306,
        0.009685278870165348,
        0.004816442262381315,
        0.20000000298023224
      ],
      [
        -0.010816780850291252,
        0.8953432440757751,
        0.4452453553676605,
        4.521801948547363
      ],
      [
        0.0,
        0.0,
        0.0,
        1.0
      ]
    ]
  },
  {
    "translation": [
      6.140974521636963,
      0.30000001192092896,
      4.921802043914795
    ],
    "kalibration": [
      [
        1050.0,
        0.0,
        480.0
      ],
      [
        0.0,
        1050.0,
        270.0
      ],
      [
        0.0,
        0.0,
        1.0
      ]
    ],
    "file": "0015",
    "camera": [
      6.140974521636963,
      0.30000001192092896,
      4.921802043914795
    ],
    "mv": [
      [
        -4.377216455964117e-08,
        0.9999415278434753,
        -0.010816781781613827,
        -0.24674415588378906
      ],
      [
        -0.44527146220207214,
        0.009685279801487923,
        0.8953433632850647,
        -1.6752077341079712
      ],
      [
        0.8953957557678223,
        0.0048164427280426025,
        0.4452453851699829,
        -7.691456317901611
      ],
      [
        -0.0,
        -0.0,
        -0.0,
        1.0
      ]
    ],
    "rotation": [
      [
        -5.34607558222433e-09,
        0.9999414682388306,
        -0.010816756635904312
      ],
      [
        0.44527140259742737,
        -0.009685293771326542,
        -0.8953432440757751
      ],
      [
        -0.8953956365585327,
        -0.004816427826881409,
        -0.4452453851699829
      ]
    ],
    "x": 3,
    "y": 0,
    "projection": [
      [
        -429.7899169921875,
        1047.626708984375,
        -225.07537841796875,
        3432.817138671875
      ],
      [
        225.7781524658203,
        -11.469993591308594,
        -1060.32666015625,
        3835.660888671875
      ],
      [
        -0.8953956365585327,
        -0.004816427826881409,
        -0.4452453851699829,
        7.691456317901611
      ]
    ],
    "matrix_world": [
      [
        -4.370883388560287e-08,
        -0.44527140259742737,
        0.8953956365585327,
        6.140974521636963
      ],
      [
        0.9999414682388306,
        0.009685278870165348,
        0.004816442262381315,
        0.30000001192092896
      ],
      [
        -0.010816780850291252,
        0.8953432440757751,
        0.4452453553676605,
        4.921802043914795
      ],
      [
        0.0,
        0.0,
        0.0,
        1.0
      ]
    ]
  },
  {
    "translation": [
      6.140974521636963,
      0.30000001192092896,
      4.821802139282227
    ],
    "kalibration": [
      [
        1050.0,
        0.0,
        480.0
      ],
      [
        0.0,
        1050.0,
        270.0
      ],
      [
        0.0,
        0.0,
        1.0
      ]
    ],
    "file": "0016",
    "camera": [
      6.140974521636963,
      0.30000001192092896,
      4.821802139282227
    ],
    "mv": [
      [
        -4.377216455964117e-08,
        0.9999415278434753,
        -0.010816781781613827,
        -0.24782584607601166
      ],
      [
        -0.44527146220207214,
        0.009685279801487923,
        0.8953433632850647,
        -1.585673451423645
      ],
      [
        0.8953957557678223,
        0.0048164427280426025,
        0.4452453851699829,
        -7.646932125091553
      ],
      [
        -0.0,
        -0.0,
        -0.0,
        1.0
      ]
    ],
    "rotation": [
      [
        -5.34607558222433e-09,
        0.9999414682388306,
        -0.010816756635904312
      ],
      [
        0.44527140259742737,
        -0.009685293771326542,
        -0.8953432440757751
      ],
      [
        -0.8953956365585327,
        -0.004816427826881409,
        -0.4452453851699829
      ]
    ],
    "x": 3,
    "y": 1,
    "projection": [
      [
        -429.7899169921875,
        1047.626708984375,
        -225.07537841796875,
        3410.309814453125
      ],
      [
        225.7781524658203,
        -11.469993591308594,
        -1060.32666015625,
        3729.62841796875
      ],
      [
        -0.8953956365585327,
        -0.004816427826881409,
        -0.4452453851699829,
        7.646932125091553
      ]
    ],
    "matrix_world": [
      [
        -4.370883388560287e-08,
        -0.44527140259742737,
        0.8953956365585327,
        6.140974521636963
      ],
      [
        0.9999414682388306,
        0.009685278870165348,
        0.004816442262381315,
        0.30000001192092896
      ],
      [
        -0.010816780850291252,
        0.8953432440757751,
        0.4452453553676605,
        4.821802139282227
      ],
      [
        0.0,
        0.0,
        0.0,
        1.0
      ]
    ]
  },
  {
    "translation": [
      6.140974521636963,
      0.30000001192092896,
      4.721802234649658
    ],
    "kalibration": [
      [
        1050.0,
        0.0,
        480.0
      ],
      [
        0.0,
        1050.0,
        270.0
      ],
      [
        0.0,
        0.0,
        1.0
      ]
    ],
    "file": "0017",
    "camera": [
      6.140974521636963,
      0.30000001192092896,
      4.721802234649658
    ],
    "mv": [
      [
        -4.377216455964117e-08,
        0.9999415278434753,
        -0.010816781781613827,
        -0.24890752136707306
      ],
      [
        -0.44527146220207214,
        0.009685279801487923,
        0.8953433632850647,
        -1.4961390495300293
      ],
      [
        0.8953957557678223,
        0.0048164427280426025,
        0.4452453851699829,
        -7.602407455444336
      ],
      [
        -0.0,
        -0.0,
        -0.0,
        1.0
      ]
    ],
    "rotation": [
      [
        -5.34607558222433e-09,
        0.9999414682388306,
        -0.010816756635904312
      ],
      [
        0.44527140259742737,
        -0.009685293771326542,
        -0.8953432440757751
      ],
      [
        -0.8953956365585327,
        -0.004816427826881409,
        -0.4452453851699829
      ]
    ],
    "x": 3,
    "y": 2,
    "projection": [
      [
        -429.7899169921875,
        1047.626708984375,
        -225.07537841796875,
        3387.80224609375
      ],
      [
        225.7781524658203,
        -11.469993591308594,
        -1060.32666015625,
        3623.59619140625
      ],
      [
        -0.8953956365585327,
        -0.004816427826881409,
        -0.4452453851699829,
        7.602407455444336
      ]
    ],
    "matrix_world": [
      [
        -4.370883388560287e-08,
        -0.44527140259742737,
        0.8953956365585327,
        6.140974521636963
      ],
      [
        0.9999414682388306,
        0.009685278870165348,
        0.004816442262381315,
        0.30000001192092896
      ],
      [
        -0.010816780850291252,
        0.8953432440757751,
        0.4452453553676605,
        4.721802234649658
      ],
      [
        0.0,
        0.0,
        0.0,
        1.0
      ]
    ]
  },
  {
    "translation": [
      6.140974521636963,
      0.30000001192092896,
      4.621801853179932
    ],
    "kalibration": [
      [
        1050.0,
        0.0,
        480.0
      ],
      [
        0.0,
        1050.0,
        270.0
      ],
      [
        0.0,
        0.0,
        1.0
      ]
    ],
    "file": "0018",
    "camera": [
      6.140974521636963,
      0.30000001192092896,
      4.621801853179932
    ],
    "mv": [
      [
        -4.377216455964117e-08,
        0.9999415278434753,
        -0.010816781781613827,
        -0.24998919665813446
      ],
      [
        -0.44527146220207214,
        0.009685279801487923,
        0.8953433632850647,
        -1.4066047668457031
      ],
      [
        0.8953957557678223,
        0.0048164427280426025,
        0.4452453851699829,
        -7.557882785797119
      ],
      [
        -0.0,
        -0.0,
