[
  {
    "camera": [
      6.140974521636963,
      0.0,
      4.921802043914795
    ],
    "rotation": [
      [
        -5.34607558222433e-09,
        0.9999414682388306,
        -0.010816756635904312
      ],
      [
        0.44527140259742737,
        -0.009685293771326542,
        -0.8953432440757751
      ],
      [
        -0.8953956365585327,
        -0.004816427826881409,
        -0.4452453851699829
      ]
    ],
    "projection": [
      [
        -429.7899169921875,
        1047.626708984375,
        -225.07537841796875,
        3747.10546875
      ],
      [
        225.7781524658203,
        -11.469993591308594,
        -1060.32666015625,
        3832.22021484375
      ],
      [
        -0.8953956365585327,
        -0.004816427826881409,
        -0.4452453851699829,
        7.690011501312256
      ]
    ],
    "matrix_world": [
      [
        -4.370883388560287e-08,
        -0.44527140259742737,
        0.8953956365585327,
        6.140974521636963
      ],
      [
        0.9999414682388306,
        0.009685278870165348,
        0.004816442262381315,
        0.0
      ],
      [
        -0.010816780850291252,
        0.8953432440757751,
        0.4452453553676605,
        4.921802043914795
      ],
      [
        0.0,
        0.0,
        0.0,
        1.0
      ]
    ],
    "file": "0000",
    "translation": [
      6.140974521636963,
      0.0,
      4.921802043914795
    ],
    "kalibration": [
      [
        1050.0,
        0.0,
        480.0
      ],
      [
        0.0,
        1050.0,
        270.0
      ],
      [
        0.0,
        0.0,
        1.0
      ]
    ],
    "mv": [
      [
        -4.377216455964117e-08,
        0.9999415278434753,
        -0.010816781781613827,
        0.05323832854628563
      ],
      [
        -0.44527146220207214,
        0.009685279801487923,
        0.8953433632850647,
        -1.6723021268844604
      ],
      [
        0.8953957557678223,
        0.0048164427280426025,
        0.4452453851699829,
        -7.690011501312256
      ],
      [
        -0.0,
        -0.0,
        -0.0,
        1.0
      ]
    ]
  },
  {
    "camera": [
      6.140974521636963,
      0.10000000149011612,
      4.921802043914795
    ],
    "rotation": [
      [
        -5.34607558222433e-09,
        0.9999414682388306,
        -0.010816756635904312
      ],
      [
        0.44527140259742737,
        -0.009685293771326542,
        -0.8953432440757751
      ],
      [
        -0.8953956365585327,
        -0.004816427826881409,
        -0.4452453851699829
      ]
    ],
    "projection": [
      [
        -429.7899169921875,
        1047.626708984375,
        -225.07537841796875,
        3642.3427734375
      ],
      [
        225.7781524658203,
        -11.469993591308594,
        -1060.32666015625,
        3833.366943359375
      ],
      [
        -0.8953956365585327,
        -0.004816427826881409,
        -0.4452453851699829,
        7.690493106842041
      ]
    ],
    "matrix_world": [
      [
        -4.370883388560287e-08,
        -0.44527140259742737,
        0.8953956365585327,
        6.140974521636963
      ],
      [
        0.9999414682388306,
        0.009685278870165348,
        0.004816442262381315,
        0.10000000149011612
      ],
      [
        -0.010816780850291252,
        0.8953432440757751,
        0.4452453553676605,
        4.921802043914795
      ],
      [
        0.0,
        0.0,
        0.0,
        1.0
      ]
    ],
    "file": "0001",
    "translation": [
      6.140974521636963,
      0.10000000149011612,
      4.921802043914795
    ],
    "kalibration": [
      [
        1050.0,
        0.0,
        480.0
      ],
      [
        0.0,
        1050.0,
        270.0
      ],
      [
        0.0,
        0.0,
        1.0
      ]
    ],
    "mv": [
      [
        -4.377216455964117e-08,
        0.9999415278434753,
        -0.010816781781613827,
        -0.0467558316886425
      ],
      [
        -0.44527146220207214,
        0.009685279801487923,
        0.8953433632850647,
        -1.6732707023620605
      ],
      [
        0.8953957557678223,
        0.0048164427280426025,
        0.4452453851699829,
        -7.690493106842041
      ],
      [
        -0.0,
        -0.0,
        -0.0,
        1.0
      ]
    ]
  }
]