[
  {
    "translation": [
      6.140974521636963,
      0.0,
      4.921802043914795
    ],
    "file": "0000",
    "projection": [
      [
        -429.7899169921875,
        1047.626708984375,
        -225.07537841796875,
        3747.10546875
      ],
      [
        225.7781524658203,
        -11.469993591308594,
        -1060.32666015625,
        3832.22021484375
      ],
      [
        -0.8953956365585327,
        -0.004816427826881409,
        -0.4452453851699829,
        7.690011501312256
      ]
    ],
    "camera": [
      6.140974521636963,
      0.0,
      4.921802043914795
    ],
    "y": 0,
    "rotation": [
      [
        -5.34607558222433e-09,
        0.9999414682388306,
        -0.010816756635904312
      ],
      [
        0.44527140259742737,
        -0.009685293771326542,
        -0.8953432440757751
      ],
      [
        -0.8953956365585327,
        -0.004816427826881409,
        -0.4452453851699829
      ]
    ],
    "kalibration": [
      [
        1050.0,
        0.0,
        480.0
      ],
      [
        0.0,
        1050.0,
        270.0
      ],
      [
        0.0,
        0.0,
        1.0
      ]
    ],
    "mv": [
      [
        -4.377216455964117e-08,
        0.9999415278434753,
        -0.010816781781613827,
        0.05323832854628563
      ],
      [
        -0.44527146220207214,
        0.009685279801487923,
        0.8953433632850647,
        -1.6723021268844604
      ],
      [
        0.8953957557678223,
        0.0048164427280426025,
        0.4452453851699829,
        -7.690011501312256
      ],
      [
        -0.0,
        -0.0,
        -0.0,
        1.0
      ]
    ],
    "matrix_world": [
      [
        -4.370883388560287e-08,
        -0.44527140259742737,
        0.8953956365585327,
        6.140974521636963
      ],
      [
        0.9999414682388306,
        0.009685278870165348,
        0.004816442262381315,
        0.0
      ],
      [
        -0.010816780850291252,
        0.8953432440757751,
        0.4452453553676605,
        4.921802043914795
      ],
      [
        0.0,
        0.0,
        0.0,
        1.0
      ]
    ],
    "x": 0
  },
  {
    "translation": [
      6.140974521636963,
      0.0,
      4.821802139282227
    ],
    "file": "0001",
    "projection": [
      [
        -429.7899169921875,
        1047.626708984375,
        -225.07537841796875,
        3724.597900390625
      ],
      [
        225.7781524658203,
        -11.469993591308594,
        -1060.32666015625,
        3726.1875
      ],
      [
        -0.8953956365585327,
        -0.004816427826881409,
        -0.4452453851699829,
        7.645486831665039
      ]
    ],
    "camera": [
      6.140974521636963,
      0.0,
      4.821802139282227
    ],
    "y": 1,
    "rotation": [
      [
        -5.34607558222433e-09,
        0.9999414682388306,
        -0.010816756635904312
      ],
      [
        0.44527140259742737,
        -0.009685293771326542,
        -0.8953432440757751
      ],
      [
        -0.8953956365585327,
        -0.004816427826881409,
        -0.4452453851699829
      ]
    ],
    "kalibration": [
      [
        1050.0,
        0.0,
        480.0
      ],
      [
        0.0,
        1050.0,
        270.0
      ],
      [
        0.0,
        0.0,
        1.0
      ]
    ],
    "mv": [
      [
        -4.377216455964117e-08,
        0.9999415278434753,
        -0.010816781781613827,
        0.05215664952993393
      ],
      [
        -0.44527146220207214,
        0.009685279801487923,
        0.8953433632850647,
        -1.5827678442001343
      ],
      [
        0.8953957557678223,
        0.0048164427280426025,
        0.4452453851699829,
        -7.645487308502197
      ],
      [
        -0.0,
        -0.0,
        -0.0,
        1.0
      ]
    ],
    "matrix_world": [
      [
        -4.370883388560287e-08,
        -0.44527140259742737,
        0.8953956365585327,
        6.140974521636963
      ],
      [
        0.9999414682388306,
        0.009685278870165348,
        0.004816442262381315,
        0.0
      ],
      [
        -0.010816780850291252,
        0.8953432440757751,
        0.4452453553676605,
        4.821802139282227
      ],
      [
        0.0,
        0.0,
        0.0,
        1.0
      ]
    ],
    "x": 0
  },
  {
    "translation": [
      6.140974521636963,
      0.0,
      4.721802234649658
    ],
    "file": "0002",
    "projection": [
      [
        -429.7899169921875,
        1047.626708984375,
        -225.07537841796875,
        3702.090576171875
      ],
      [
        225.7781524658203,
        -11.469993591308594,
        -1060.32666015625,
        3620.1552734375
      ],
      [
        -0.8953956365585327,
        -0.004816427826881409,
        -0.4452453851699829,
        7.6009626388549805
      ]
    ],
    "camera": [
      6.140974521636963,
      0.0,
      4.721802234649658
    ],
    "y": 2,
    "rotation": [
      [
        -5.34607558222433e-09,
        0.9999414682388306,
        -0.010816756635904312
      ],
      [
        0.44527140259742737,
        -0.009685293771326542,
        -0.8953432440757751
      ],
      [
        -0.8953956365585327,
        -0.004816427826881409,
        -0.4452453851699829
      ]
    ],
    "kalibration": [
      [
        1050.0,
        0.0,
        480.0
      ],
      [
        0.0,
        1050.0,
        270.0
      ],
      [
        0.0,
        0.0,
        1.0
      ]
    ],
    "mv": [
      [
        -4.377216455964117e-08,
        0.9999415278434753,
        -0.010816781781613827,
        0.05107497423887253
      ],
      [
        -0.44527146220207214,
        0.009685279801487923,
        0.8953433632850647,
        -1.4932334423065186
      ],
      [
        0.8953957557678223,
        0.0048164427280426025,
        0.4452453851699829,
        -7.6009626388549805
      ],
      [
        -0.0,
        -0.0,
        -0.0,
        1.0
      ]
    ],
    "matrix_world": [
      [
        -4.370883388560287e-08,
        -0.44527140259742737,
        0.8953956365585327,
        6.140974521636963
      ],
      [
        0.9999414682388306,
        0.009685278870165348,
        0.004816442262381315,
        0.0
      ],
      [
        -0.010816780850291252,
        0.8953432440757751,
        0.4452453553676605,
        4.721802234649658
      ],
      [
        0.0,
        0.0,
        0.0,
        1.0
      ]
    ],
    "x": 0
  },
  {
    "translation": [
      6.140974521636963,
      0.10000000149011612,
      4.921802043914795
    ],
    "file": "0003",
    "projection": [
      [
        -429.7899169921875,
        1047.626708984375,
        -225.07537841796875,
        3642.3427734375
      ],
      [
        225.7781524658203,
        -11.469993591308594,
        -1060.32666015625,
        3833.366943359375
      ],
      [
        -0.8953956365585327,
        -0.004816427826881409,
        -0.4452453851699829,
        7.690493106842041
      ]
    ],
    "camera": [
      6.140974521636963,
      0.10000000149011612,
      4.921802043914795
    ],
    "y": 0,
    "rotation": [
      [
        -5.34607558222433e-09,
        0.9999414682388306,
        -0.010816756635904312
      ],
      [
        0.44527140259742737,
        -0.009685293771326542,
        -0.8953432440757751
      ],
      [
        -0.8953956365585327,
        -0.004816427826881409,
        -0.4452453851699829
      ]
    ],
    "kalibration": [
      [
        1050.0,
        0.0,
        480.0
      ],
      [
        0.0,
        1050.0,
        270.0
      ],
      [
        0.0,
        0.0,
        1.0
      ]
    ],
    "mv": [
      [
        -4.377216455964117e-08,
        0.9999415278434753,
        -0.010816781781613827,
        -0.0467558316886425
      ],
      [
        -0.44527146220207214,
        0.009685279801487923,
        0.8953433632850647,
        -1.6732707023620605
      ],
      [
        0.8953957557678223,
        0.0048164427280426025,
        0.4452453851699829,
        -7.690493106842041
      ],
      [
        -0.0,
        -0.0,
        -0.0,
        1.0
      ]
    ],
    "matrix_world": [
      [
        -4.370883388560287e-08,
        -0.44527140259742737,
        0.8953956365585327,
        6.140974521636963
      ],
      [
        0.9999414682388306,
        0.009685278870165348,
        0.004816442262381315,
        0.10000000149011612
      ],
      [
        -0.010816780850291252,
        0.8953432440757751,
        0.4452453553676605,
        4.921802043914795
      ],
      [
        0.0,
        0.0,
        0.0,
        1.0
      ]
    ],
    "x": 1
  },
  {
    "translation": [
      6.140974521636963,
      0.10000000149011612,
      4.821802139282227
    ],
    "file": "0004",
    "projection": [
      [
        -429.7899169921875,
        1047.626708984375,
        -225.07537841796875,
        3619.83544921875
      ],
      [
        225.7781524658203,
        -11.469993591308594,
        -1060.32666015625,
        3727.33447265625
      ],
      [
        -0.8953956365585327,
        -0.004816427826881409,
        -0.4452453851699829,
        7.645968914031982
      ]
    ],
    "camera": [
      6.140974521636963,
      0.10000000149011612,
      4.821802139282227
    ],
    "y": 1,
    "rotation": [
      [
        -5.34607558222433e-09,
        0.9999414682388306,
        -0.010816756635904312
      ],
      [
        0.44527140259742737,
        -0.009685293771326542,
        -0.8953432440757751
      ],
      [
        -0.8953956365585327,
        -0.004816427826881409,
        -0.4452453851699829
      ]
    ],
    "kalibration": [
      [
        1050.0,
        0.0,
        480.0
      ],
      [
        0.0,
        1050.0,
        270.0
      ],
      [
        0.0,
        0.0,
        1.0
      ]
    ],
    "mv": [
      [
        -4.377216455964117e-08,
        0.9999415278434753,
        -0.010816781781613827,
        -0.0478375107049942
      ],
      [
        -0.44527146220207214,
        0.009685279801487923,
        0.8953433632850647,
        -1.5837364196777344
      ],
      [
        0.8953957557678223,
        0.0048164427280426025,
        0.4452453851699829,
        -7.645968914031982
      ],
      [
        -0.0,
        -0.0,
        -0.0,
        1.0
      ]
    ],
    "matrix_world": [
      [
        -4.370883388560287e-08,
        -0.44527140259742737,
        0.8953956365585327,
        6.140974521636963
      ],
      [
        0.9999414682388306,
        0.009685278870165348,
        0.004816442262381315,
        0.10000000149011612
      ],
      [
        -0.010816780850291252,
        0.8953432440757751,
        0.4452453553676605,
        4.821802139282227
      ],
      [
        0.0,
        0.0,
        0.0,
        1.0
      ]
    ],
    "x": 1
  },
  {
    "translation": [
      6.140974521636963,
      0.10000000149011612,
      4.721802234649658
    ],
    "file": "0005",
    "projection": [
      [
        -429.7899169921875,
        1047.626708984375,
        -225.07537841796875,
        3597.327880859375
      ],
      [
        225.7781524658203,
        -11.469993591308594,
        -1060.32666015625,
        3621.30224609375
      ],
      [
        -0.8953956365585327,
        -0.004816427826881409,
        -0.4452453851699829,
        7.601444244384766
      ]
    ],
    "camera": [
      6.140974521636963,
      0.10000000149011612,
      4.721802234649658
    ],
    "y": 2,
    "rotation": [
      [
        -5.34607558222433e-09,
        0.9999414682388306,
        -0.010816756635904312
      ],
      [
        0.44527140259742737,
        -0.009685293771326542,
        -0.8953432440757751
      ],
      [
        -0.8953956365585327,
        -0.004816427826881409,
        -0.4452453851699829
      ]
    ],
    "kalibration": [
      [
        1050.0,
        0.0,
        480.0
      ],
      [
        0.0,
        1050.0,
        270.0
      ],
      [
        0.0,
        0.0,
        1.0
      ]
    ],
    "mv": [
      [
        -4.377216455964117e-08,
        0.9999415278434753,
        -0.010816781781613827,
        -0.0489191897213459
      ],
      [
        -0.44527146220207214,
        0.009685279801487923,
        0.8953433632850647,
        -1.4942020177841187
      ],
      [
        0.8953957557678223,
        0.0048164427280426025,
        0.4452453851699829,
        -7.601444244384766
      ],
      [
        -0.0,
        -0.0,
        -0.0,
        1.0
      ]
    ],
    "matrix_world": [
      [
        -4.370883388560287e-08,
        -0.44527140259742737,
        0.8953956365585327,
        6.140974521636963
      ],
      [
        0.9999414682388306,
        0.009685278870165348,
        0.004816442262381315,
        0.10000000149011612
      ],
      [
        -0.010816780850291252,
        0.8953432440757751,
        0.4452453553676605,
        4.721802234649658
      ],
      [
        0.0,
        0.0,
        0.0,
        1.0
      ]
    ],
    "x": 1
  },
  {
    "translation": [
      6.140974521636963,
      0.20000000298023224,
      4.921802043914795
    ],
    "file": "0006",
    "projection": [
      [
        -429.7899169921875,
        1047.626708984375,
        -225.07537841796875,
        3537.580078125
      ],
      [
        225.7781524658203,
        -11.469993591308594,
        -1060.32666015625,
        3834.513916015625
      ],
      [
        -0.8953956365585327,
        -0.004816427826881409,
        -0.4452453851699829,
        7.690974712371826
      ]
    ],
    "camera": [
      6.140974521636963,
      0.20000000298023224,
      4.921802043914795
    ],
    "y": 0,
    "rotation": [
      [
        -5.34607558222433e-09,
        0.9999414682388306,
        -0.010816756635904312
      ],
      [
        0.44527140259742737,
        -0.009685293771326542,
        -0.8953432440757751
      ],
      [
        -0.8953956365585327,
        -0.004816427826881409,
        -0.4452453851699829
      ]
    ],
    "kalibration": [
      [
        1050.0,
        0.0,
        480.0
      ],
      [
        0.0,
        1050.0,
        270.0
      ],
      [
        0.0,
        0.0,
        1.0
      ]
    ],
    "mv": [
      [
        -4.377216455964117e-08,
        0.9999415278434753,
        -0.010816781781613827,
        -0.14674998819828033
      ],
      [
        -0.44527146220207214,
        0.009685279801487923,
        0.8953433632850647,
        -1.674239158630371
      ],
      [
        0.8953957557678223,
        0.0048164427280426025,
        0.4452453851699829,
        -7.690974712371826
      ],
      [
        -0.0,
        -0.0,
        -0.0,
        1.0
      ]
    ],
    "matrix_world": [
      [
        -4.370883388560287e-08,
        -0.44527140259742737,
        0.8953956365585327,
        6.140974521636963
      ],
      [
        0.9999414682388306,
        0.009685278870165348,
        0.004816442262381315,
        0.20000000298023224
      ],
      [
        -0.010816780850291252,
        0.8953432440757751,
        0.4452453553676605,
        4.921802043914795
      ],
      [
        0.0,
        0.0,
        0.0,
        1.0
      ]
    ],
    "x": 2
  },
  {
    "translation": [
      6.140974521636963,
      0.20000000298023224,
      4.821802139282227
    ],
    "file": "0007",
    "projection": [
      [
        -429.7899169921875,
        1047.626708984375,
        -225.07537841796875,
        3515.072509765625
      ],
      [
        225.7781524658203,
        -11.469993591308594,
        -1060.32666015625,
        3728.4814453125
      ],
      [
        -0.8953956365585327,
        -0.004816427826881409,
        -0.4452453851699829,
        7.646450519561768
      ]
    ],
    "camera": [
      6.140974521636963,
      0.20000000298023224,
      4.821802139282227
    ],
    "y": 1,
    "rotation": [
      [
        -5.34607558222433e-09,
        0.9999414682388306,
        -0.010816756635904312
      ],
      [
        0.44527140259742737,
        -0.009685293771326542,
        -0.8953432440757751
      ],
      [
        -0.8953956365585327,
        -0.004816427826881409,
        -0.4452453851699829
      ]
    ],
    "kalibration": [
      [
        1050.0,
        0.0,
        480.0
      ],
      [
        0.0,
        1050.0,
        270.0
      ],
      [
        0.0,
        0.0,
        1.0
      ]
    ],
    "mv": [
      [
        -4.377216455964117e-08,
        0.9999415278434753,
        -0.010816781781613827,
        -0.14783166348934174
      ],
      [
        -0.44527146220207214,
        0.009685279801487923,
        0.8953433632850647,
        -1.584704875946045
      ],
      [
        0.8953957557678223,
        0.0048164427280426025,
        0.4452453851699829,
        -7.646450519561768
      ],
      [
        -0.0,
        -0.0,
        -0.0,
        1.0
      ]
    ],
    "matrix_world": [
      [
        -4.370883388560287e-08,
        -0.44527140259742737,
        0.8953956365585327,
        6.140974521636963
      ],
      [
        0.9999414682388306,
        0.009685278870165348,
        0.004816442262381315,
        0.20000000298023224
      ],
      [
        -0.010816780850291252,
        0.8953432440757751,
        0.4452453553676605,
        4.821802139282227
      ],
      [
        0.0,
        0.0,
        0.0,
        1.0
      ]
    ],
    "x": 2
  },
  {
    "translation": [
      6.140974521636963,
      0.20000000298023224,
      4.721802234649658
    ],
    "file": "0008",
    "projection": [
      [
        -429.7899169921875,
        1047.626708984375,
        -225.07537841796875,
        3492.56494140625
      ],
      [
        225.7781524658203,
        -11.469993591308594,
        -1060.32666015625,
        3622.44921875
      ],
      [
        -0.8953956365585327,
        -0.004816427826881409,
        -0.4452453851699829,
        7.601925849914551
      ]
    ],
    "camera": [
      6.140974521636963,
      0.20000000298023224,
      4.721802234649658
    ],
    "y": 2,
    "rotation": [
      [
        -5.34607558222433e-09,
        0.9999414682388306,
        -0.010816756635904312
      ],
      [
        0.44527140259742737,
        -0.009685293771326542,
        -0.8953432440757751
      ],
      [
        -0.8953956365585327,
        -0.004816427826881409,
        -0.4452453851699829
      ]
    ],
    "kalibration": [
      [
        1050.0,
        0.0,
        480.0
      ],
      [
        0.0,
        1050.0,
        270.0
      ],
      [
        0.0,
        0.0,
        1.0
      ]
    ],
    "mv": [
      [
        -4.377216455964117e-08,
        0.9999415278434753,
        -0.010816781781613827,
        -0.14891333878040314
      ],
      [
        -0.44527146220207214,
        0.009685279801487923,
        0.8953433632850647,
        -1.4951704740524292
      ],
      [
        0.8953957557678223,
        0.0048164427280426025,
        0.4452453851699829,
        -7.601925849914551
      ],
      [
        -0.0,
        -0.0,
        -0.0,
        1.0
      ]
    ],
    "matrix_world": [
      [
        -4.370883388560287e-08,
        -0.44527140259742737,
        0.8953956365585327,
        6.140974521636963
      ],
      [
        0.9999414682388306,
        0.009685278870165348,
        0.004816442262381315,
        0.20000000298023224
      ],
      [
        -0.010816780850291252,
        0.8953432440757751,
        0.4452453553676605,
        4.721802234649658
      ],
      [
        0.0,
        0.0,
        0.0,
        1.0
      ]
    ],
    "x": 2
  },
  {
    "translation": [
      6.140974521636963,
      0.30000001192092896,
      4.921802043914795
    ],
    "file": "0009",
    "projection": [
      [
        -429.7899169921875,
        1047.626708984375,
        -225.07537841796875,
        3432.817138671875
      ],
      [
        225.7781524658203,
        -11.469993591308594,
        -1060.32666015625,
        3835.660888671875
      ],
      [
        -0.8953956365585327,
        -0.004816427826881409,
        -0.4452453851699829,
        7.691456317901611
      ]
    ],
    "camera": [
      6.140974521636963,
      0.30000001192092896,
      4.921802043914795
    ],
    "y": 0,
    "rotation": [
      [
        -5.34607558222433e-09,
        0.9999414682388306,
        -0.010816756635904312
      ],
      [
        0.44527140259742737,
        -0.009685293771326542,
        -0.8953432440757751
      ],
      [
        -0.8953956365585327,
        -0.004816427826881409,
        -0.4452453851699829
      ]
    ],
    "kalibration": [
      [
        1050.0,
        0.0,
        480.0
      ],
      [
        0.0,
        1050.0,
        270.0
      ],
      [
        0.0,
        0.0,
        1.0
      ]
    ],
    "mv": [
      [
        -4.377216455964117e-08,
        0.9999415278434753,
        -0.010816781781613827,
        -0.24674415588378906
      ],
      [
        -0.44527146220207214,
        0.009685279801487923,
        0.8953433632850647,
        -1.6752077341079712
      ],
      [
        0.8953957557678223,
        0.0048164427280426025,
        0.4452453851699829,
        -7.691456317901611
      ],
      [
        -0.0,
        -0.0,
        -0.0,
        1.0
      ]
    ],
    "matrix_world": [
      [
        -4.370883388560287e-08,
        -0.44527140259742737,
        0.8953956365585327,
        6.140974521636963
      ],
      [
        0.9999414682388306,
        0.009685278870165348,
        0.004816442262381315,
        0.30000001192092896
      ],
      [
        -0.010816780850291252,
        0.8953432440757751,
        0.4452453553676605,
        4.921802043914795
      ],
      [
        0.0,
        0.0,
        0.0,
        1.0
      ]
    ],
    "x": 3
  },
  {
    "translation": [
      6.140974521636963,
      0.30000001192092896,
      4.821802139282227
    ],
    "file": "0010",
    "projection": [
      [
        -429.7899169921875,
        1047.626708984375,
        -225.07537841796875,
        3410.309814453125
      ],
      [
        225.7781524658203,
        -11.469993591308594,
        -1060.32666015625,
        3729.62841796875
      ],
      [
        -0.8953956365585327,
        -0.004816427826881409,
        -0.4452453851699829,
        7.646932125091553
      ]
    ],
    "camera": [
      6.140974521636963,
      0.30000001192092896,
      4.821802139282227
    ],
    "y": 1,
    "rotation": [
      [
        -5.34607558222433e-09,
        0.9999414682388306,
        -0.010816756635904312
      ],
      [
        0.44527140259742737,
        -0.009685293771326542,
        -0.8953432440757751
      ],
      [
        -0.8953956365585327,
        -0.004816427826881409,
        -0.4452453851699829
      ]
    ],
    "kalibration": [
      [
        1050.0,
        0.0,
        480.0
      ],
      [
        0.0,
        1050.0,
        270.0
      ],
      [
        0.0,
        0.0,
        1.0
      ]
    ],
    "mv": [
      [
        -4.377216455964117e-08,
        0.9999415278434753,
        -0.010816781781613827,
        -0.24782584607601166
      ],
      [
        -0.44527146220207214,
        0.009685279801487923,
        0.8953433632850647,
        -1.585673451423645
      ],
      [
        0.8953957557678223,
        0.0048164427280426025,
        0.4452453851699829,
        -7.646932125091553
      ],
      [
        -0.0,
        -0.0,
        -0.0,
        1.0
      ]
    ],
    "matrix_world": [
      [
        -4.370883388560287e-08,
        -0.44527140259742737,
        0.8953956365585327,
        6.140974521636963
      ],
      [
        0.9999414682388306,
        0.009685278870165348,
        0.004816442262381315,
        0.30000001192092896
      ],
      [
        -0.010816780850291252,
        0.8953432440757751,
        0.4452453553676605,
        4.821802139282227
      ],
      [
        0.0,
        0.0,
        0.0,
        1.0
      ]
    ],
    "x": 3
  },
  {
    "translation": [
      6.140974521636963,
      0.30000001192092896,
      4.721802234649658
    ],
    "file": "0011",
    "projection": [
      [
        -429.7899169921875,
        1047.626708984375,
        -225.07537841796875,
        3387.80224609375
      ],
      [
        225.7781524658203,
        -11.469993591308594,
        -1060.32666015625,
        3623.59619140625
      ],
      [
        -0.8953956365585327,
        -0.004816427826881409,
        -0.4452453851699829,
        7.602407455444336
      ]
    ],
    "camera": [
      6.140974521636963,
      0.30000001192092896,
      4.721802234649658
    ],
    "y": 2,
    "rotation": [
      [
        -5.34607558222433e-09,
        0.9999414682388306,
        -0.010816756635904312
      ],
      [
        0.44527140259742737,
        -0.009685293771326542,
        -0.8953432440757751
      ],
      [
        -0.8953956365585327,
        -0.004816427826881409,
        -0.4452453851699829
      ]
    ],
    "kalibration": [
      [
        1050.0,
        0.0,
        480.0
      ],
      [
        0.0,
        1050.0,
        270.0
      ],
      [
        0.0,
        0.0,
        1.0
      ]
    ],
    "mv": [
      [
        -4.377216455964117e-08,
        0.9999415278434753,
        -0.010816781781613827,
        -0.24890752136707306
      ],
      [
        -0.44527146220207214,
        0.009685279801487923,
        0.8953433632850647,
        -1.4961390495300293
      ],
      [
        0.8953957557678223,
        0.0048164427280426025,
        0.4452453851699829,
        -7.602407455444336
      ],
      [
        -0.0,
        -0.0,
        -0.0,
        1.0
      ]
    ],
    "matrix_world": [
      [
        -4.370883388560287e-08,
        -0.44527140259742737,
        0.8953956365585327,
        6.140974521636963
      ],
      [
        0.9999414682388306,
        0.009685278870165348,
        0.004816442262381315,
        0.30000001192092896
      ],
      [
        -0.010816780850291252,
        0.8953432440757751,
        0.4452453553676605,
        4.721802234649658
      ],
      [
        0.0,
        0.0,
        0.0,
        1.0
      ]
    ],
    "x": 3
  },
  {
    "translation": [
      6.140974521636963,
      0.4000000059604645,
      4.921802043914795
    ],
    "file": "0012",
    "projection": [
      [
        -429.7899169921875,
        1047.626708984375,
        -225.07537841796875,
        3328.0546875
      ],
      [
        225.7781524658203,
        -11.469993591308594,
        -1060.32666015625,
        3836.807861328125
      ],
      [
        -0.8953956365585327,
        -0.004816427826881409,
        -0.4452453851699829,
        7.6919379234313965
      ]
    ],
    "camera": [
      6.140974521636963,
      0.4000000059604645,
      4.921802043914795
    ],
    "y": 0,
    "rotation": [
      [
        -5.34607558222433e-09,
        0.9999414682388306,
        -0.010816756635904312
      ],
      [
        0.44527140259742737,
        -0.009685293771326542,
        -0.8953432440757751
      ],
      [
        -0.8953956365585327,
        -0.004816427826881409,
        -0.4452453851699829
      ]
    ],
    "kalibration": [
      [
        1050.0,
        0.0,
        480.0
      ],
      [
        0.0,
        1050.0,
        270.0
      ],
      [
        0.0,
        0.0,
        1.0
      ]
    ],
    "mv": [
      [
        -4.377216455964117e-08,
        0.9999415278434753,
        -0.010816781781613827,
        -0.3467383086681366
      ],
      [
        -0.44527146220207214,
        0.009685279801487923,
        0.8953433632850647,
        -1.6761763095855713
      ],
      [
        0.8953957557678223,
        0.0048164427280426025,
        0.4452453851699829,
        -7.6919379234313965
      ],
      [
        -0.0,
        -0.0,
        -0.0,
        1.0
      ]
    ],
    "matrix_world": [
      [
        -4.370883388560287e-08,
        -0.44527140259742737,
        0.8953956365585327,
        6.140974521636963
      ],
      [
        0.9999414682388306,
        0.009685278870165348,
        0.004816442262381315,
        0.4000000059604645
      ],
      [
        -0.010816780850291252,
        0.8953432440757751,
        0.4452453553676605,
        4.921802043914795
      ],
      [
        0.0,
        0.0,
        0.0,
        1.0
      ]
    ],
    "x": 4
  },
  {
    "translation": [
      6.140974521636963,
      0.4000000059604645,
      4.821802139282227
    ],
    "file": "0013",
    "projection": [
      [
        -429.7899169921875,
        1047.626708984375,
        -225.07537841796875,
        3305.54736328125
      ],
      [
        225.7781524658203,
        -11.469993591308594,
        -1060.32666015625,
        3730.775390625
      ],
      [
        -0.8953956365585327,
        -0.004816427826881409,
        -0.4452453851699829,
        7.647413730621338
      ]
    ],
    "camera": [
      6.140974521636963,
      0.4000000059604645,
      4.821802139282227
    ],
    "y": 1,
    "rotation": [
      [
        -5.34607558222433e-09,
        0.9999414682388306,
        -0.010816756635904312
      ],
      [
        0.44527140259742737,
        -0.009685293771326542,
        -0.8953432440757751
      ],
      [
        -0.8953956365585327,
        -0.004816427826881409,
        -0.4452453851699829
      ]
    ],
    "kalibration": [
      [
        1050.0,
        0.0,
        480.0
      ],
      [
        0.0,
        1050.0,
        270.0
      ],
      [
        0.0,
        0.0,
        1.0
      ]
    ],
    "mv": [
      [
        -4.377216455964117e-08,
        0.9999415278434753,
        -0.010816781781613827,
        -0.347819983959198
      ],
      [
        -0.44527146220207214,
        0.009685279801487923,
        0.8953433632850647,
        -1.5866420269012451
      ],
      [
        0.8953957557678223,
        0.0048164427280426025,
        0.4452453851699829,
        -7.647413730621338
      ],
      [
        -0.0,
        -0.0,
        -0.0,
        1.0
      ]
    ],
    "matrix_world": [
      [
        -4.370883388560287e-08,
        -0.44527140259742737,
        0.8953956365585327,
        6.140974521636963
      ],
      [
        0.9999414682388306,
        0.009685278870165348,
        0.004816442262381315,
        0.4000000059604645
      ],
      [
        -0.010816780850291252,
        0.8953432440757751,
        0.4452453553676605,
        4.821802139282227
      ],
      [
        0.0,
        0.0,
        0.0,
        1.0
      ]
    ],
    "x": 4
  },
  {
    "translation": [
      6.140974521636963,
      0.4000000059604645,
      4.721802234649658
    ],
    "file": "0014",
    "projection": [
      [
        -429.7899169921875,
        1047.626708984375,
        -225.07537841796875,
        3283.03955078125
      ],
      [
        225.7781524658203,
        -11.469993591308594,
        -1060.32666015625,
        3624.7431640625
      ],
      [
        -0.8953956365585327,
        -0.004816427826881409,
        -0.4452453851699829,
        7.602889060974121
      ]
    ],
    "camera": [
      6.140974521636963,
      0.4000000059604645,
      4.721802234649658
    ],
    "y": 2,
    "rotation": [
      [
        -5.34607558222433e-09,
        0.9999414682388306,
        -0.010816756635904312
      ],
      [
        0.44527140259742737,
        -0.009685293771326542,
        -0.8953432440757751
      ],
      [
        -0.8953956365585327,
        -0.004816427826881409,
        -0.4452453851699829
      ]
    ],
    "kalibration": [
      [
        1050.0,
        0.0,
        480.0
      ],
      [
        0.0,
        1050.0,
        270.0
      ],
      [
        0.0,
        0.0,
        1.0
      ]
    ],
    "mv": [
      [
        -4.377216455964117e-08,
        0.9999415278434753,
        -0.010816781781613827,
        -0.3489016592502594
      ],
      [
        -0.44527146220207214,
        0.009685279801487923,
        0.8953433632850647,
        -1.4971076250076294
      ],
      [
        0.8953957557678223,
        0.0048164427280426025,
        0.4452453851699829,
        -7.602889060974121
      ],
      [
        -0.0,
        -0.0,
        -0.0,
        1.0
      ]
    ],
    "matrix_world": [
      [
        -4.370883388560287e-08,
        -0.44527140259742737,
        0.8953956365585327,
        6.140974521636963
      ],
      [
        0.9999414682388306,
        0.009685278870165348,
        0.004816442262381315,
        0.4000000059604645
      ],
      [
        -0.010816780850291252,
        0.8953432440757751,
        0.4452453553676605,
        4.721802234649658
      ],
      [
        0.0,
        0.0,
        0.0,
        1.0
      ]
    ],
    "x": 4
  }
]